(kicad_pcb (version 20171130) (host pcbnew 5.0.0)

  (general
    (thickness 1.6)
    (drawings 9)
    (tracks 180)
    (zones 0)
    (modules 38)
    (nets 21)
  )

  (page A4)
  (layers
    (0 F.Cu signal)
    (31 B.Cu signal)
    (32 B.Adhes user)
    (33 F.Adhes user)
    (34 B.Paste user)
    (35 F.Paste user)
    (36 B.SilkS user)
    (37 F.SilkS user)
    (38 B.Mask user)
    (39 F.Mask user)
    (40 Dwgs.User user hide)
    (41 Cmts.User user hide)
    (42 Eco1.User user hide)
    (43 Eco2.User user hide)
    (44 Edge.Cuts user)
    (45 Margin user)
    (46 B.CrtYd user)
    (47 F.CrtYd user)
    (48 B.Fab user hide)
    (49 F.Fab user hide)
  )

  (setup
    (last_trace_width 0.25)
    (trace_clearance 0.2)
    (zone_clearance 0.508)
    (zone_45_only no)
    (trace_min 0.2)
    (segment_width 0.2)
    (edge_width 0.15)
    (via_size 0.6)
    (via_drill 0.4)
    (via_min_size 0.4)
    (via_min_drill 0.3)
    (uvia_size 0.3)
    (uvia_drill 0.1)
    (uvias_allowed no)
    (uvia_min_size 0.2)
    (uvia_min_drill 0.1)
    (pcb_text_width 0.3)
    (pcb_text_size 1.5 1.5)
    (mod_edge_width 0.15)
    (mod_text_size 1 1)
    (mod_text_width 0.15)
    (pad_size 0.6 0.6)
    (pad_drill 0.3)
    (pad_to_mask_clearance 0.2)
    (aux_axis_origin 0 0)
    (visible_elements FFFFFF7F)
    (pcbplotparams
      (layerselection 0x00030_80000001)
      (usegerberextensions false)
      (usegerberattributes false)
      (usegerberadvancedattributes false)
      (creategerberjobfile false)
      (excludeedgelayer true)
      (linewidth 0.100000)
      (plotframeref false)
      (viasonmask false)
      (mode 1)
      (useauxorigin false)
      (hpglpennumber 1)
      (hpglpenspeed 20)
      (hpglpendiameter 15.000000)
      (psnegative false)
      (psa4output false)
      (plotreference true)
      (plotvalue true)
      (plotinvisibletext false)
      (padsonsilk false)
      (subtractmaskfromsilk false)
      (outputformat 1)
      (mirror false)
      (drillshape 1)
      (scaleselection 1)
      (outputdirectory ""))
  )

  (net 0 "")
  (net 1 "Net-(AE1-Pad1)")
  (net 2 /3V3)
  (net 3 GND)
  (net 4 /~SWD_RST)
  (net 5 /SWD_IO)
  (net 6 /SWD_CLK)
  (net 7 "Net-(R1-Pad2)")
  (net 8 /I2C_SDA)
  (net 9 /I2C_SCL)
  (net 10 /SPI_MISO)
  (net 11 /SPI_MOSI)
  (net 12 /SPI_SCK)
  (net 13 /SPI_NSS)
  (net 14 /RFM_RESET)
  (net 15 /RFM_DIO5)
  (net 16 /RFM_DIO3)
  (net 17 /RFM_DIO4)
  (net 18 /RFM_DIO0)
  (net 19 /RFM_DIO1)
  (net 20 /RFM_DIO2)

  (net_class Default "This is the default net class."
    (clearance 0.2)
    (trace_width 0.25)
    (via_dia 0.6)
    (via_drill 0.4)
    (uvia_dia 0.3)
    (uvia_drill 0.1)
    (add_net /3V3)
    (add_net /I2C_SCL)
    (add_net /I2C_SDA)
    (add_net /RFM_DIO0)
    (add_net /RFM_DIO1)
    (add_net /RFM_DIO2)
    (add_net /RFM_DIO3)
    (add_net /RFM_DIO4)
    (add_net /RFM_DIO5)
    (add_net /RFM_RESET)
    (add_net /SPI_MISO)
    (add_net /SPI_MOSI)
    (add_net /SPI_NSS)
    (add_net /SPI_SCK)
    (add_net /SWD_CLK)
    (add_net /SWD_IO)
    (add_net /~SWD_RST)
    (add_net GND)
    (add_net "Net-(AE1-Pad1)")
    (add_net "Net-(R1-Pad2)")
  )

  (module sensor-node-gamma:STICH (layer F.Cu) (tedit 5B917799) (tstamp 5B92B589)
    (at 171.2 110.7)
    (fp_text reference Ref** (at 0 0.5) (layer F.SilkS) hide
      (effects (font (size 1 1) (thickness 0.15)))
    )
    (fp_text value Val** (at 0 -0.5) (layer F.Fab) hide
      (effects (font (size 1 1) (thickness 0.15)))
    )
    (pad 1 thru_hole circle (at 0 0) (size 0.6 0.6) (drill 0.3) (layers *.Cu)
      (net 3 GND) (zone_connect 2))
  )

  (module sensor-node-gamma:STICH (layer F.Cu) (tedit 5B917799) (tstamp 5B92AF9B)
    (at 157 112)
    (fp_text reference Ref** (at 0 0.5) (layer F.SilkS) hide
      (effects (font (size 1 1) (thickness 0.15)))
    )
    (fp_text value Val** (at 0 -0.5) (layer F.Fab) hide
      (effects (font (size 1 1) (thickness 0.15)))
    )
    (pad 1 thru_hole circle (at 0 0) (size 0.6 0.6) (drill 0.3) (layers *.Cu)
      (net 3 GND) (zone_connect 2))
  )

  (module sensor-node-gamma:STICH (layer F.Cu) (tedit 5B917799) (tstamp 5B92AF93)
    (at 158.5 107.75)
    (fp_text reference Ref** (at 0 0.5) (layer F.SilkS) hide
      (effects (font (size 1 1) (thickness 0.15)))
    )
    (fp_text value Val** (at 0 -0.5) (layer F.Fab) hide
      (effects (font (size 1 1) (thickness 0.15)))
    )
    (pad 1 thru_hole circle (at 0 0) (size 0.6 0.6) (drill 0.3) (layers *.Cu)
      (net 3 GND) (zone_connect 2))
  )

  (module sensor-node-gamma:STICH (layer F.Cu) (tedit 5B917799) (tstamp 5B92AF8B)
    (at 158.5 109.75)
    (fp_text reference Ref** (at 0 0.5) (layer F.SilkS) hide
      (effects (font (size 1 1) (thickness 0.15)))
    )
    (fp_text value Val** (at 0 -0.5) (layer F.Fab) hide
      (effects (font (size 1 1) (thickness 0.15)))
    )
    (pad 1 thru_hole circle (at 0 0) (size 0.6 0.6) (drill 0.3) (layers *.Cu)
      (net 3 GND) (zone_connect 2))
  )

  (module sensor-node-gamma:STICH (layer F.Cu) (tedit 5B917799) (tstamp 5B918AC3)
    (at 177.8 126.8)
    (fp_text reference Ref** (at 0 0.5) (layer F.SilkS) hide
      (effects (font (size 1 1) (thickness 0.15)))
    )
    (fp_text value Val** (at 0 -0.5) (layer F.Fab) hide
      (effects (font (size 1 1) (thickness 0.15)))
    )
    (pad 1 thru_hole circle (at 0 0) (size 0.6 0.6) (drill 0.3) (layers *.Cu)
      (net 3 GND) (zone_connect 2))
  )

  (module "official stable:MountingHole_2.2mm_M2_Pad_Via" (layer F.Cu) (tedit 5B92B35F) (tstamp 5B918993)
    (at 176 151)
    (descr "Mounting Hole 2.2mm, M2")
    (tags "mounting hole 2.2mm m2")
    (attr virtual)
    (fp_text reference REF** (at 0 -3.2) (layer F.SilkS) hide
      (effects (font (size 1 1) (thickness 0.15)))
    )
    (fp_text value MountingHole_2.2mm_M2_Pad_Via (at 0 3.2) (layer F.Fab)
      (effects (font (size 1 1) (thickness 0.15)))
    )
    (fp_circle (center 0 0) (end 2.45 0) (layer F.CrtYd) (width 0.05))
    (fp_circle (center 0 0) (end 2.2 0) (layer Cmts.User) (width 0.15))
    (fp_text user %R (at 0.3 0) (layer F.Fab)
      (effects (font (size 1 1) (thickness 0.15)))
    )
    (pad 1 thru_hole circle (at 1.166726 -1.166726) (size 0.7 0.7) (drill 0.4) (layers *.Cu *.Mask))
    (pad 1 thru_hole circle (at 0 -1.65) (size 0.7 0.7) (drill 0.4) (layers *.Cu *.Mask))
    (pad 1 thru_hole circle (at -1.166726 -1.166726) (size 0.7 0.7) (drill 0.4) (layers *.Cu *.Mask))
    (pad 1 thru_hole circle (at -1.65 0) (size 0.7 0.7) (drill 0.4) (layers *.Cu *.Mask))
    (pad 1 thru_hole circle (at -1.166726 1.166726) (size 0.7 0.7) (drill 0.4) (layers *.Cu *.Mask))
    (pad 1 thru_hole circle (at 0 1.65) (size 0.7 0.7) (drill 0.4) (layers *.Cu *.Mask))
    (pad 1 thru_hole circle (at 1.166726 1.166726) (size 0.7 0.7) (drill 0.4) (layers *.Cu *.Mask))
    (pad 1 thru_hole circle (at 1.65 0) (size 0.7 0.7) (drill 0.4) (layers *.Cu *.Mask))
    (pad 1 thru_hole circle (at 0 0) (size 4.4 4.4) (drill 2.2) (layers *.Cu *.Mask))
  )

  (module sensor-node-gamma:STICH (layer F.Cu) (tedit 5B917799) (tstamp 5B9185D1)
    (at 151.5 127.8)
    (fp_text reference Ref** (at 0 0.5) (layer F.SilkS) hide
      (effects (font (size 1 1) (thickness 0.15)))
    )
    (fp_text value Val** (at 0 -0.5) (layer F.Fab) hide
      (effects (font (size 1 1) (thickness 0.15)))
    )
    (pad 1 thru_hole circle (at 0 0) (size 0.6 0.6) (drill 0.3) (layers *.Cu)
      (net 3 GND) (zone_connect 2))
  )

  (module sensor-node-gamma:STICH (layer F.Cu) (tedit 5B917799) (tstamp 5B9185C7)
    (at 150.5 131.4)
    (fp_text reference Ref** (at 0 0.5) (layer F.SilkS) hide
      (effects (font (size 1 1) (thickness 0.15)))
    )
    (fp_text value Val** (at 0 -0.5) (layer F.Fab) hide
      (effects (font (size 1 1) (thickness 0.15)))
    )
    (pad 1 thru_hole circle (at 0 0) (size 0.6 0.6) (drill 0.3) (layers *.Cu)
      (net 3 GND) (zone_connect 2))
  )

  (module sensor-node-gamma:STICH (layer F.Cu) (tedit 5B917799) (tstamp 5B9185BF)
    (at 163.2 133.1)
    (fp_text reference Ref** (at 0 0.5) (layer F.SilkS) hide
      (effects (font (size 1 1) (thickness 0.15)))
    )
    (fp_text value Val** (at 0 -0.5) (layer F.Fab) hide
      (effects (font (size 1 1) (thickness 0.15)))
    )
    (pad 1 thru_hole circle (at 0 0) (size 0.6 0.6) (drill 0.3) (layers *.Cu)
      (net 3 GND) (zone_connect 2))
  )

  (module sensor-node-gamma:STICH (layer F.Cu) (tedit 5B917799) (tstamp 5B91850C)
    (at 150.1 118)
    (fp_text reference Ref** (at 0 0.5) (layer F.SilkS) hide
      (effects (font (size 1 1) (thickness 0.15)))
    )
    (fp_text value Val** (at 0 -0.5) (layer F.Fab) hide
      (effects (font (size 1 1) (thickness 0.15)))
    )
    (pad 1 thru_hole circle (at 0 0) (size 0.6 0.6) (drill 0.3) (layers *.Cu)
      (net 3 GND) (zone_connect 2))
  )

  (module sensor-node-gamma:STICH (layer F.Cu) (tedit 5B917799) (tstamp 5B918504)
    (at 152.1 114.5)
    (fp_text reference Ref** (at 0 0.5) (layer F.SilkS) hide
      (effects (font (size 1 1) (thickness 0.15)))
    )
    (fp_text value Val** (at 0 -0.5) (layer F.Fab) hide
      (effects (font (size 1 1) (thickness 0.15)))
    )
    (pad 1 thru_hole circle (at 0 0) (size 0.6 0.6) (drill 0.3) (layers *.Cu)
      (net 3 GND) (zone_connect 2))
  )

  (module sensor-node-gamma:STICH (layer F.Cu) (tedit 5B917799) (tstamp 5B9184F4)
    (at 155.5 104.8)
    (fp_text reference Ref** (at 0 0.5) (layer F.SilkS) hide
      (effects (font (size 1 1) (thickness 0.15)))
    )
    (fp_text value Val** (at 0 -0.5) (layer F.Fab) hide
      (effects (font (size 1 1) (thickness 0.15)))
    )
    (pad 1 thru_hole circle (at 0 0) (size 0.6 0.6) (drill 0.3) (layers *.Cu)
      (net 3 GND) (zone_connect 2))
  )

  (module sensor-node-gamma:STICH (layer F.Cu) (tedit 5B917799) (tstamp 5B9184DF)
    (at 158.2 101.8)
    (fp_text reference Ref** (at 0 0.5) (layer F.SilkS) hide
      (effects (font (size 1 1) (thickness 0.15)))
    )
    (fp_text value Val** (at 0 -0.5) (layer F.Fab) hide
      (effects (font (size 1 1) (thickness 0.15)))
    )
    (pad 1 thru_hole circle (at 0 0) (size 0.6 0.6) (drill 0.3) (layers *.Cu)
      (net 3 GND) (zone_connect 2))
  )

  (module sensor-node-gamma:STICH (layer F.Cu) (tedit 5B917799) (tstamp 5B9184D5)
    (at 169 103.5)
    (fp_text reference Ref** (at 0 0.5) (layer F.SilkS) hide
      (effects (font (size 1 1) (thickness 0.15)))
    )
    (fp_text value Val** (at 0 -0.5) (layer F.Fab) hide
      (effects (font (size 1 1) (thickness 0.15)))
    )
    (pad 1 thru_hole circle (at 0 0) (size 0.6 0.6) (drill 0.3) (layers *.Cu)
      (net 3 GND) (zone_connect 2))
  )

  (module sensor-node-gamma:STICH (layer F.Cu) (tedit 5B917799) (tstamp 5B9184AD)
    (at 142.8 122)
    (fp_text reference Ref** (at 0 0.5) (layer F.SilkS) hide
      (effects (font (size 1 1) (thickness 0.15)))
    )
    (fp_text value Val** (at 0 -0.5) (layer F.Fab) hide
      (effects (font (size 1 1) (thickness 0.15)))
    )
    (pad 1 thru_hole circle (at 0 0) (size 0.6 0.6) (drill 0.3) (layers *.Cu)
      (net 3 GND) (zone_connect 2))
  )

  (module sensor-node-gamma:STICH (layer F.Cu) (tedit 5B917799) (tstamp 5B918467)
    (at 156.4 121.2)
    (fp_text reference Ref** (at 0 0.5) (layer F.SilkS) hide
      (effects (font (size 1 1) (thickness 0.15)))
    )
    (fp_text value Val** (at 0 -0.5) (layer F.Fab) hide
      (effects (font (size 1 1) (thickness 0.15)))
    )
    (pad 1 thru_hole circle (at 0 0) (size 0.6 0.6) (drill 0.3) (layers *.Cu)
      (net 3 GND) (zone_connect 2))
  )

  (module sensor-node-gamma:STICH (layer F.Cu) (tedit 5B917799) (tstamp 5B9183F1)
    (at 160.4 120.9)
    (fp_text reference Ref** (at 0 0.5) (layer F.SilkS) hide
      (effects (font (size 1 1) (thickness 0.15)))
    )
    (fp_text value Val** (at 0 -0.5) (layer F.Fab) hide
      (effects (font (size 1 1) (thickness 0.15)))
    )
    (pad 1 thru_hole circle (at 0 0) (size 0.6 0.6) (drill 0.3) (layers *.Cu)
      (net 3 GND) (zone_connect 2))
  )

  (module sensor-node-gamma:STICH (layer F.Cu) (tedit 5B917799) (tstamp 5B9183E3)
    (at 177.5 114.2)
    (fp_text reference Ref** (at 0 0.5) (layer F.SilkS) hide
      (effects (font (size 1 1) (thickness 0.15)))
    )
    (fp_text value Val** (at 0 -0.5) (layer F.Fab) hide
      (effects (font (size 1 1) (thickness 0.15)))
    )
    (pad 1 thru_hole circle (at 0 0) (size 0.6 0.6) (drill 0.3) (layers *.Cu)
      (net 3 GND) (zone_connect 2))
  )

  (module sensor-node-gamma:RFM98 (layer F.Cu) (tedit 5B90170B) (tstamp 5B8B9855)
    (at 170 103.8 180)
    (path /5B8AA0A5)
    (fp_text reference RFM1 (at -7.2 -9.2 180) (layer F.SilkS)
      (effects (font (size 1 1) (thickness 0.15)))
    )
    (fp_text value RFM98 (at 0 0 180) (layer F.Fab)
      (effects (font (size 1 1) (thickness 0.15)))
    )
    (fp_circle (center -4.5 -6.5) (end -4 -6) (layer F.SilkS) (width 0.15))
    (fp_line (start 8 8) (end -8 8) (layer F.SilkS) (width 0.15))
    (fp_line (start -8 -8) (end -8 8) (layer F.SilkS) (width 0.15))
    (fp_line (start 8 -8) (end 8 8) (layer F.SilkS) (width 0.15))
    (fp_line (start -8 -8) (end 8 -8) (layer F.SilkS) (width 0.15))
    (pad 16 smd rect (at 7.5 -7 180) (size 3 1.2) (layers F.Cu F.Paste F.Mask)
      (net 20 /RFM_DIO2))
    (pad 15 smd rect (at 7.5 -5 180) (size 3 1.2) (layers F.Cu F.Paste F.Mask)
      (net 19 /RFM_DIO1))
    (pad 14 smd rect (at 7.5 -3 180) (size 3 1.2) (layers F.Cu F.Paste F.Mask)
      (net 18 /RFM_DIO0))
    (pad 13 smd rect (at 7.5 -1 180) (size 3 1.2) (layers F.Cu F.Paste F.Mask)
      (net 2 /3V3))
    (pad 12 smd rect (at 7.5 1 180) (size 3 1.2) (layers F.Cu F.Paste F.Mask)
      (net 17 /RFM_DIO4))
    (pad 11 smd rect (at 7.5 3 180) (size 3 1.2) (layers F.Cu F.Paste F.Mask)
      (net 16 /RFM_DIO3))
    (pad 10 smd rect (at 7.5 5 180) (size 3 1.2) (layers F.Cu F.Paste F.Mask)
      (net 3 GND))
    (pad 9 smd rect (at 9 7 180) (size 3 1.2) (drill (offset -1.5 0)) (layers F.Cu F.Paste F.Mask)
      (net 1 "Net-(AE1-Pad1)"))
    (pad 8 smd rect (at -7.5 7 180) (size 3 1.2) (layers F.Cu F.Paste F.Mask)
      (net 3 GND))
    (pad 7 smd rect (at -7.5 5 180) (size 3 1.2) (layers F.Cu F.Paste F.Mask)
      (net 15 /RFM_DIO5))
    (pad 6 smd rect (at -7.5 3 180) (size 3 1.2) (layers F.Cu F.Paste F.Mask)
      (net 14 /RFM_RESET))
    (pad 5 smd rect (at -7.5 1 180) (size 3 1.2) (layers F.Cu F.Paste F.Mask)
      (net 13 /SPI_NSS))
    (pad 4 smd rect (at -7.5 -1 180) (size 3 1.2) (layers F.Cu F.Paste F.Mask)
      (net 12 /SPI_SCK))
    (pad 3 smd rect (at -7.5 -3 180) (size 3 1.2) (layers F.Cu F.Paste F.Mask)
      (net 11 /SPI_MOSI))
    (pad 2 smd rect (at -7.5 -5 180) (size 3 1.2) (layers F.Cu F.Paste F.Mask)
      (net 10 /SPI_MISO))
    (pad 1 smd rect (at -7.5 -7 180) (size 3 1.2) (layers F.Cu F.Paste F.Mask)
      (net 3 GND))
  )

  (module sensor-node-gamma:HU2032-LF (layer F.Cu) (tedit 58891075) (tstamp 5B8B9780)
    (at 169.5 143.23 180)
    (path /5B8B9586)
    (fp_text reference BT1 (at 13.208 0 180) (layer F.SilkS)
      (effects (font (size 1 1) (thickness 0.15)))
    )
    (fp_text value Custom_Battery (at 13.208 -1.524 180) (layer F.Fab)
      (effects (font (size 1 1) (thickness 0.15)))
    )
    (fp_circle (center 13.6 0) (end 23.6 0) (layer F.SilkS) (width 0.15))
    (fp_line (start 27.85 8.05) (end 27.85 -8.05) (layer F.SilkS) (width 0.15))
    (fp_line (start -0.65 -8.05) (end -0.65 8.05) (layer F.SilkS) (width 0.15))
    (fp_line (start -0.65 -8.05) (end 27.85 -8.05) (layer F.SilkS) (width 0.15))
    (fp_line (start -0.65 8.05) (end 27.85 8.05) (layer F.SilkS) (width 0.15))
    (pad 1 thru_hole circle (at 0 -1.27 180) (size 1.524 1.524) (drill 0.94) (layers *.Cu *.Mask)
      (net 2 /3V3))
    (pad 1 thru_hole circle (at 0 1.27 180) (size 1.524 1.524) (drill 0.94) (layers *.Cu *.Mask)
      (net 2 /3V3))
    (pad 2 thru_hole circle (at 27.2 0 180) (size 1.524 1.524) (drill 0.94) (layers *.Cu *.Mask)
      (net 3 GND))
  )

  (module sensor-node-gamma:CORTEX-DEBUG (layer F.Cu) (tedit 59CBF789) (tstamp 5B9186D6)
    (at 175.365 141.4)
    (path /5B8A9A36)
    (fp_text reference CD1 (at -3.065 7.3) (layer F.SilkS)
      (effects (font (size 1 1) (thickness 0.15)))
    )
    (fp_text value CORTEX-DEBUG (at 0 0 90) (layer F.Fab)
      (effects (font (size 1 1) (thickness 0.15)))
    )
    (fp_line (start -2.35 -6.125) (end 2.35 -6.125) (layer F.SilkS) (width 0.4))
    (fp_line (start -2.35 6.125) (end 2.35 6.125) (layer F.SilkS) (width 0.4))
    (fp_line (start -2.35 -6.125) (end -2.35 -1) (layer F.SilkS) (width 0.4))
    (fp_line (start 2.35 -6.125) (end 2.35 6.125) (layer F.SilkS) (width 0.4))
    (fp_line (start -2.35 1) (end -2.35 6.125) (layer F.SilkS) (width 0.4))
    (pad 1 thru_hole rect (at -0.635 -2.54) (size 1 1) (drill 0.7) (layers *.Cu *.Mask)
      (net 2 /3V3))
    (pad 2 thru_hole circle (at 0.635 -2.54) (size 1.1 1.1) (drill 0.7) (layers *.Cu *.Mask)
      (net 5 /SWD_IO))
    (pad 3 thru_hole circle (at -0.635 -1.27) (size 1.1 1.1) (drill 0.7) (layers *.Cu *.Mask)
      (net 3 GND))
    (pad 4 thru_hole circle (at 0.635 -1.27) (size 1.1 1.1) (drill 0.7) (layers *.Cu *.Mask)
      (net 6 /SWD_CLK))
    (pad 5 thru_hole circle (at -0.635 0) (size 1.1 1.1) (drill 0.7) (layers *.Cu *.Mask)
      (net 3 GND))
    (pad 6 thru_hole circle (at 0.635 0) (size 1.1 1.1) (drill 0.7) (layers *.Cu *.Mask))
    (pad 7 thru_hole circle (at -0.635 1.27) (size 1.1 1.1) (drill 0.7) (layers *.Cu *.Mask))
    (pad 8 thru_hole circle (at 0.635 1.27) (size 1.1 1.1) (drill 0.7) (layers *.Cu *.Mask))
    (pad 9 thru_hole circle (at -0.635 2.54) (size 1.1 1.1) (drill 0.7) (layers *.Cu *.Mask)
      (net 3 GND))
    (pad 10 thru_hole circle (at 0.635 2.54) (size 1.1 1.1) (drill 0.7) (layers *.Cu *.Mask)
      (net 4 /~SWD_RST))
    (model /home/hannes/Repository/ismGateway/kicad/models/3220-10-0100.wrl
      (at (xyz 0 0 0))
      (scale (xyz 0.4 0.4 0.4))
      (rotate (xyz -90 0 90))
    )
  )

  (module sensor-node-gamma:Si7006 (layer F.Cu) (tedit 5B8B8AD6) (tstamp 5B8B9864)
    (at 142.7 118.9 90)
    (path /5B8A9EFC)
    (fp_text reference SI1 (at 1.27 2.54 90) (layer F.SilkS)
      (effects (font (size 1 1) (thickness 0.15)))
    )
    (fp_text value Si7006 (at 0 -2.54 90) (layer F.Fab)
      (effects (font (size 1 1) (thickness 0.15)))
    )
    (fp_line (start -1.5 1.5) (end -1.5 -1.5) (layer F.SilkS) (width 0.15))
    (fp_line (start 1.5 1.5) (end -1.5 1.5) (layer F.SilkS) (width 0.15))
    (fp_line (start 1.5 -1.5) (end 1.5 1.5) (layer F.SilkS) (width 0.15))
    (fp_line (start -1.5 -1.5) (end 1.5 -1.5) (layer F.SilkS) (width 0.15))
    (pad "" thru_hole rect (at 0 0 90) (size 1.6 2.5) (drill 1.3) (layers *.Cu *.Mask))
    (pad 4 smd rect (at 1.55 1 90) (size 1.05 0.45) (layers F.Cu F.Paste F.Mask))
    (pad 5 smd rect (at 1.55 0 90) (size 1.05 0.45) (layers F.Cu F.Paste F.Mask)
      (net 2 /3V3))
    (pad 6 smd rect (at 1.55 -1 90) (size 1.05 0.45) (layers F.Cu F.Paste F.Mask)
      (net 9 /I2C_SCL))
    (pad 1 smd rect (at -1.55 -1 90) (size 1.05 0.45) (layers F.Cu F.Paste F.Mask)
      (net 8 /I2C_SDA))
    (pad 2 smd rect (at -1.55 0 90) (size 1.05 0.45) (layers F.Cu F.Paste F.Mask)
      (net 3 GND))
    (pad 3 smd rect (at -1.55 1 90) (size 1.05 0.45) (layers F.Cu F.Paste F.Mask))
  )

  (module sensor-node-gamma:switch (layer F.Cu) (tedit 5A95BDC8) (tstamp 5B8B98A3)
    (at 175.75 126.85 90)
    (path /5B8F0369)
    (fp_text reference SW1 (at 0 0.5 90) (layer F.SilkS)
      (effects (font (size 1 1) (thickness 0.15)))
    )
    (fp_text value SW_Push (at 0 -0.5 90) (layer F.Fab)
      (effects (font (size 1 1) (thickness 0.15)))
    )
    (pad 1 thru_hole circle (at -3.25 -2.25 90) (size 1.7 1.7) (drill 0.99) (layers *.Cu *.Mask)
      (net 3 GND))
    (pad 2 thru_hole circle (at -3.25 2.25 90) (size 1.7 1.7) (drill 0.99) (layers *.Cu *.Mask)
      (net 4 /~SWD_RST))
    (pad 1 thru_hole circle (at 3.25 -2.25 90) (size 1.7 1.7) (drill 0.99) (layers *.Cu *.Mask)
      (net 3 GND))
    (pad 2 thru_hole circle (at 3.25 2.25 90) (size 1.7 1.7) (drill 0.99) (layers *.Cu *.Mask)
      (net 4 /~SWD_RST))
    (model Buttons_Switches_THT.3dshapes/SW_PUSH_6mm.wrl
      (offset (xyz -3.047999954223633 2.209799966812134 0))
      (scale (xyz 0.39 0.39 0.39))
      (rotate (xyz 0 0 0))
    )
  )

  (module sensor-node-gamma:ANT1204F002R0433A (layer F.Cu) (tedit 5B8BEBD2) (tstamp 5B8EE277)
    (at 160 86.85 90)
    (path /5B8EF315)
    (fp_text reference AE1 (at 3.85 3.1 90) (layer F.SilkS)
      (effects (font (size 1 1) (thickness 0.15)))
    )
    (fp_text value Antenna (at 0 -3.35 90) (layer F.Fab)
      (effects (font (size 1 1) (thickness 0.15)))
    )
    (fp_line (start -6.5 2) (end -6.5 -2) (layer F.Fab) (width 0.15))
    (fp_line (start -8 2) (end -6.5 2) (layer F.Fab) (width 0.15))
    (fp_line (start -8 -2) (end -8 2) (layer F.Fab) (width 0.15))
    (fp_line (start -6.5 -2) (end -8 -2) (layer F.Fab) (width 0.15))
    (fp_line (start -6.15 2) (end -6.15 -2) (layer F.SilkS) (width 0.15))
    (fp_line (start 6.15 2) (end -6.15 2) (layer F.SilkS) (width 0.15))
    (fp_line (start 6.15 -2) (end 6.15 2) (layer F.SilkS) (width 0.15))
    (fp_line (start -6.15 -2) (end 6.15 -2) (layer F.SilkS) (width 0.15))
    (pad "" smd rect (at 5.85 0 90) (size 1.3 4.5) (layers F.Cu F.Paste F.Mask))
    (pad 1 smd rect (at -6.5 0 90) (size 1.3 4.5) (drill (offset 0.65 0)) (layers F.Cu F.Paste F.Mask)
      (net 1 "Net-(AE1-Pad1)"))
  )

  (module "official stable:C_0603_1608Metric_Pad1.05x0.95mm_HandSolder" (layer F.Cu) (tedit 5B301BBE) (tstamp 5B9021FC)
    (at 158.2 104.8 180)
    (descr "Capacitor SMD 0603 (1608 Metric), square (rectangular) end terminal, IPC_7351 nominal with elongated pad for handsoldering. (Body size source: http://www.tortai-tech.com/upload/download/2011102023233369053.pdf), generated with kicad-footprint-generator")
    (tags "capacitor handsolder")
    (path /5B8EF44C)
    (attr smd)
    (fp_text reference C1 (at 0 -1.43 180) (layer F.SilkS)
      (effects (font (size 1 1) (thickness 0.15)))
    )
    (fp_text value 0.1µF (at 0 1.43 180) (layer F.Fab)
      (effects (font (size 1 1) (thickness 0.15)))
    )
    (fp_text user %R (at 0 0 180) (layer F.Fab)
      (effects (font (size 0.4 0.4) (thickness 0.06)))
    )
    (fp_line (start 1.65 0.73) (end -1.65 0.73) (layer F.CrtYd) (width 0.05))
    (fp_line (start 1.65 -0.73) (end 1.65 0.73) (layer F.CrtYd) (width 0.05))
    (fp_line (start -1.65 -0.73) (end 1.65 -0.73) (layer F.CrtYd) (width 0.05))
    (fp_line (start -1.65 0.73) (end -1.65 -0.73) (layer F.CrtYd) (width 0.05))
    (fp_line (start -0.171267 0.51) (end 0.171267 0.51) (layer F.SilkS) (width 0.12))
    (fp_line (start -0.171267 -0.51) (end 0.171267 -0.51) (layer F.SilkS) (width 0.12))
    (fp_line (start 0.8 0.4) (end -0.8 0.4) (layer F.Fab) (width 0.1))
    (fp_line (start 0.8 -0.4) (end 0.8 0.4) (layer F.Fab) (width 0.1))
    (fp_line (start -0.8 -0.4) (end 0.8 -0.4) (layer F.Fab) (width 0.1))
    (fp_line (start -0.8 0.4) (end -0.8 -0.4) (layer F.Fab) (width 0.1))
    (pad 2 smd roundrect (at 0.875 0 180) (size 1.05 0.95) (layers F.Cu F.Paste F.Mask) (roundrect_rratio 0.25)
      (net 3 GND))
    (pad 1 smd roundrect (at -0.875 0 180) (size 1.05 0.95) (layers F.Cu F.Paste F.Mask) (roundrect_rratio 0.25)
      (net 2 /3V3))
    (model ${KISYS3DMOD}/Capacitor_SMD.3dshapes/C_0603_1608Metric.wrl
      (at (xyz 0 0 0))
      (scale (xyz 1 1 1))
      (rotate (xyz 0 0 0))
    )
  )

  (module "official stable:C_0603_1608Metric_Pad1.05x0.95mm_HandSolder" (layer F.Cu) (tedit 5B301BBE) (tstamp 5B9172C8)
    (at 159.2 117.4)
    (descr "Capacitor SMD 0603 (1608 Metric), square (rectangular) end terminal, IPC_7351 nominal with elongated pad for handsoldering. (Body size source: http://www.tortai-tech.com/upload/download/2011102023233369053.pdf), generated with kicad-footprint-generator")
    (tags "capacitor handsolder")
    (path /5B8F01B9)
    (attr smd)
    (fp_text reference C2 (at 2.8 0) (layer F.SilkS)
      (effects (font (size 1 1) (thickness 0.15)))
    )
    (fp_text value 0.1µF (at 0 1.43) (layer F.Fab)
      (effects (font (size 1 1) (thickness 0.15)))
    )
    (fp_text user %R (at 0 0) (layer F.Fab)
      (effects (font (size 0.4 0.4) (thickness 0.06)))
    )
    (fp_line (start 1.65 0.73) (end -1.65 0.73) (layer F.CrtYd) (width 0.05))
    (fp_line (start 1.65 -0.73) (end 1.65 0.73) (layer F.CrtYd) (width 0.05))
    (fp_line (start -1.65 -0.73) (end 1.65 -0.73) (layer F.CrtYd) (width 0.05))
    (fp_line (start -1.65 0.73) (end -1.65 -0.73) (layer F.CrtYd) (width 0.05))
    (fp_line (start -0.171267 0.51) (end 0.171267 0.51) (layer F.SilkS) (width 0.12))
    (fp_line (start -0.171267 -0.51) (end 0.171267 -0.51) (layer F.SilkS) (width 0.12))
    (fp_line (start 0.8 0.4) (end -0.8 0.4) (layer F.Fab) (width 0.1))
    (fp_line (start 0.8 -0.4) (end 0.8 0.4) (layer F.Fab) (width 0.1))
    (fp_line (start -0.8 -0.4) (end 0.8 -0.4) (layer F.Fab) (width 0.1))
    (fp_line (start -0.8 0.4) (end -0.8 -0.4) (layer F.Fab) (width 0.1))
    (pad 2 smd roundrect (at 0.875 0) (size 1.05 0.95) (layers F.Cu F.Paste F.Mask) (roundrect_rratio 0.25)
      (net 3 GND))
    (pad 1 smd roundrect (at -0.875 0) (size 1.05 0.95) (layers F.Cu F.Paste F.Mask) (roundrect_rratio 0.25)
      (net 4 /~SWD_RST))
    (model ${KISYS3DMOD}/Capacitor_SMD.3dshapes/C_0603_1608Metric.wrl
      (at (xyz 0 0 0))
      (scale (xyz 1 1 1))
      (rotate (xyz 0 0 0))
    )
  )

  (module "official stable:C_0603_1608Metric_Pad1.05x0.95mm_HandSolder" (layer F.Cu) (tedit 5B301BBE) (tstamp 5B902058)
    (at 159.2 113.4)
    (descr "Capacitor SMD 0603 (1608 Metric), square (rectangular) end terminal, IPC_7351 nominal with elongated pad for handsoldering. (Body size source: http://www.tortai-tech.com/upload/download/2011102023233369053.pdf), generated with kicad-footprint-generator")
    (tags "capacitor handsolder")
    (path /5B8F00B7)
    (attr smd)
    (fp_text reference C3 (at 2.8 0) (layer F.SilkS)
      (effects (font (size 1 1) (thickness 0.15)))
    )
    (fp_text value 1µF (at 0 1.43) (layer F.Fab)
      (effects (font (size 1 1) (thickness 0.15)))
    )
    (fp_line (start -0.8 0.4) (end -0.8 -0.4) (layer F.Fab) (width 0.1))
    (fp_line (start -0.8 -0.4) (end 0.8 -0.4) (layer F.Fab) (width 0.1))
    (fp_line (start 0.8 -0.4) (end 0.8 0.4) (layer F.Fab) (width 0.1))
    (fp_line (start 0.8 0.4) (end -0.8 0.4) (layer F.Fab) (width 0.1))
    (fp_line (start -0.171267 -0.51) (end 0.171267 -0.51) (layer F.SilkS) (width 0.12))
    (fp_line (start -0.171267 0.51) (end 0.171267 0.51) (layer F.SilkS) (width 0.12))
    (fp_line (start -1.65 0.73) (end -1.65 -0.73) (layer F.CrtYd) (width 0.05))
    (fp_line (start -1.65 -0.73) (end 1.65 -0.73) (layer F.CrtYd) (width 0.05))
    (fp_line (start 1.65 -0.73) (end 1.65 0.73) (layer F.CrtYd) (width 0.05))
    (fp_line (start 1.65 0.73) (end -1.65 0.73) (layer F.CrtYd) (width 0.05))
    (fp_text user %R (at 0 0) (layer F.Fab)
      (effects (font (size 0.4 0.4) (thickness 0.06)))
    )
    (pad 1 smd roundrect (at -0.875 0) (size 1.05 0.95) (layers F.Cu F.Paste F.Mask) (roundrect_rratio 0.25)
      (net 2 /3V3))
    (pad 2 smd roundrect (at 0.875 0) (size 1.05 0.95) (layers F.Cu F.Paste F.Mask) (roundrect_rratio 0.25)
      (net 3 GND))
    (model ${KISYS3DMOD}/Capacitor_SMD.3dshapes/C_0603_1608Metric.wrl
      (at (xyz 0 0 0))
      (scale (xyz 1 1 1))
      (rotate (xyz 0 0 0))
    )
  )

  (module "official stable:C_0603_1608Metric_Pad1.05x0.95mm_HandSolder" (layer F.Cu) (tedit 5B301BBE) (tstamp 5B9020B8)
    (at 159.2 115.4)
    (descr "Capacitor SMD 0603 (1608 Metric), square (rectangular) end terminal, IPC_7351 nominal with elongated pad for handsoldering. (Body size source: http://www.tortai-tech.com/upload/download/2011102023233369053.pdf), generated with kicad-footprint-generator")
    (tags "capacitor handsolder")
    (path /5B8EFFB1)
    (attr smd)
    (fp_text reference C4 (at 2.8 0) (layer F.SilkS)
      (effects (font (size 1 1) (thickness 0.15)))
    )
    (fp_text value 0.1µF (at 0 1.43) (layer F.Fab)
      (effects (font (size 1 1) (thickness 0.15)))
    )
    (fp_text user %R (at 0 0) (layer F.Fab)
      (effects (font (size 0.4 0.4) (thickness 0.06)))
    )
    (fp_line (start 1.65 0.73) (end -1.65 0.73) (layer F.CrtYd) (width 0.05))
    (fp_line (start 1.65 -0.73) (end 1.65 0.73) (layer F.CrtYd) (width 0.05))
    (fp_line (start -1.65 -0.73) (end 1.65 -0.73) (layer F.CrtYd) (width 0.05))
    (fp_line (start -1.65 0.73) (end -1.65 -0.73) (layer F.CrtYd) (width 0.05))
    (fp_line (start -0.171267 0.51) (end 0.171267 0.51) (layer F.SilkS) (width 0.12))
    (fp_line (start -0.171267 -0.51) (end 0.171267 -0.51) (layer F.SilkS) (width 0.12))
    (fp_line (start 0.8 0.4) (end -0.8 0.4) (layer F.Fab) (width 0.1))
    (fp_line (start 0.8 -0.4) (end 0.8 0.4) (layer F.Fab) (width 0.1))
    (fp_line (start -0.8 -0.4) (end 0.8 -0.4) (layer F.Fab) (width 0.1))
    (fp_line (start -0.8 0.4) (end -0.8 -0.4) (layer F.Fab) (width 0.1))
    (pad 2 smd roundrect (at 0.875 0) (size 1.05 0.95) (layers F.Cu F.Paste F.Mask) (roundrect_rratio 0.25)
      (net 3 GND))
    (pad 1 smd roundrect (at -0.875 0) (size 1.05 0.95) (layers F.Cu F.Paste F.Mask) (roundrect_rratio 0.25)
      (net 2 /3V3))
    (model ${KISYS3DMOD}/Capacitor_SMD.3dshapes/C_0603_1608Metric.wrl
      (at (xyz 0 0 0))
      (scale (xyz 1 1 1))
      (rotate (xyz 0 0 0))
    )
  )

  (module "official stable:C_0603_1608Metric_Pad1.05x0.95mm_HandSolder" (layer F.Cu) (tedit 5B301BBE) (tstamp 5B917235)
    (at 159.2 119.4 180)
    (descr "Capacitor SMD 0603 (1608 Metric), square (rectangular) end terminal, IPC_7351 nominal with elongated pad for handsoldering. (Body size source: http://www.tortai-tech.com/upload/download/2011102023233369053.pdf), generated with kicad-footprint-generator")
    (tags "capacitor handsolder")
    (path /5B8EFEB3)
    (attr smd)
    (fp_text reference C5 (at -2.8 0 180) (layer F.SilkS)
      (effects (font (size 1 1) (thickness 0.15)))
    )
    (fp_text value 0.1µF (at 0 1.43 180) (layer F.Fab)
      (effects (font (size 1 1) (thickness 0.15)))
    )
    (fp_line (start -0.8 0.4) (end -0.8 -0.4) (layer F.Fab) (width 0.1))
    (fp_line (start -0.8 -0.4) (end 0.8 -0.4) (layer F.Fab) (width 0.1))
    (fp_line (start 0.8 -0.4) (end 0.8 0.4) (layer F.Fab) (width 0.1))
    (fp_line (start 0.8 0.4) (end -0.8 0.4) (layer F.Fab) (width 0.1))
    (fp_line (start -0.171267 -0.51) (end 0.171267 -0.51) (layer F.SilkS) (width 0.12))
    (fp_line (start -0.171267 0.51) (end 0.171267 0.51) (layer F.SilkS) (width 0.12))
    (fp_line (start -1.65 0.73) (end -1.65 -0.73) (layer F.CrtYd) (width 0.05))
    (fp_line (start -1.65 -0.73) (end 1.65 -0.73) (layer F.CrtYd) (width 0.05))
    (fp_line (start 1.65 -0.73) (end 1.65 0.73) (layer F.CrtYd) (width 0.05))
    (fp_line (start 1.65 0.73) (end -1.65 0.73) (layer F.CrtYd) (width 0.05))
    (fp_text user %R (at 0 0 180) (layer F.Fab)
      (effects (font (size 0.4 0.4) (thickness 0.06)))
    )
    (pad 1 smd roundrect (at -0.875 0 180) (size 1.05 0.95) (layers F.Cu F.Paste F.Mask) (roundrect_rratio 0.25)
      (net 3 GND))
    (pad 2 smd roundrect (at 0.875 0 180) (size 1.05 0.95) (layers F.Cu F.Paste F.Mask) (roundrect_rratio 0.25)
      (net 2 /3V3))
    (model ${KISYS3DMOD}/Capacitor_SMD.3dshapes/C_0603_1608Metric.wrl
      (at (xyz 0 0 0))
      (scale (xyz 1 1 1))
      (rotate (xyz 0 0 0))
    )
  )

  (module "official stable:C_0603_1608Metric_Pad1.05x0.95mm_HandSolder" (layer F.Cu) (tedit 5B301BBE) (tstamp 5B901B04)
    (at 145 112.2 90)
    (descr "Capacitor SMD 0603 (1608 Metric), square (rectangular) end terminal, IPC_7351 nominal with elongated pad for handsoldering. (Body size source: http://www.tortai-tech.com/upload/download/2011102023233369053.pdf), generated with kicad-footprint-generator")
    (tags "capacitor handsolder")
    (path /5B8EFB1E)
    (attr smd)
    (fp_text reference C6 (at 3 0 90) (layer F.SilkS)
      (effects (font (size 1 1) (thickness 0.15)))
    )
    (fp_text value 0.1µF (at 0 1.43 90) (layer F.Fab)
      (effects (font (size 1 1) (thickness 0.15)))
    )
    (fp_text user %R (at 0 0 90) (layer F.Fab)
      (effects (font (size 0.4 0.4) (thickness 0.06)))
    )
    (fp_line (start 1.65 0.73) (end -1.65 0.73) (layer F.CrtYd) (width 0.05))
    (fp_line (start 1.65 -0.73) (end 1.65 0.73) (layer F.CrtYd) (width 0.05))
    (fp_line (start -1.65 -0.73) (end 1.65 -0.73) (layer F.CrtYd) (width 0.05))
    (fp_line (start -1.65 0.73) (end -1.65 -0.73) (layer F.CrtYd) (width 0.05))
    (fp_line (start -0.171267 0.51) (end 0.171267 0.51) (layer F.SilkS) (width 0.12))
    (fp_line (start -0.171267 -0.51) (end 0.171267 -0.51) (layer F.SilkS) (width 0.12))
    (fp_line (start 0.8 0.4) (end -0.8 0.4) (layer F.Fab) (width 0.1))
    (fp_line (start 0.8 -0.4) (end 0.8 0.4) (layer F.Fab) (width 0.1))
    (fp_line (start -0.8 -0.4) (end 0.8 -0.4) (layer F.Fab) (width 0.1))
    (fp_line (start -0.8 0.4) (end -0.8 -0.4) (layer F.Fab) (width 0.1))
    (pad 2 smd roundrect (at 0.875 0 90) (size 1.05 0.95) (layers F.Cu F.Paste F.Mask) (roundrect_rratio 0.25)
      (net 3 GND))
    (pad 1 smd roundrect (at -0.875 0 90) (size 1.05 0.95) (layers F.Cu F.Paste F.Mask) (roundrect_rratio 0.25)
      (net 2 /3V3))
    (model ${KISYS3DMOD}/Capacitor_SMD.3dshapes/C_0603_1608Metric.wrl
      (at (xyz 0 0 0))
      (scale (xyz 1 1 1))
      (rotate (xyz 0 0 0))
    )
  )

  (module "official stable:C_0603_1608Metric_Pad1.05x0.95mm_HandSolder" (layer F.Cu) (tedit 5B301BBE) (tstamp 5B901D14)
    (at 147 110.8 90)
    (descr "Capacitor SMD 0603 (1608 Metric), square (rectangular) end terminal, IPC_7351 nominal with elongated pad for handsoldering. (Body size source: http://www.tortai-tech.com/upload/download/2011102023233369053.pdf), generated with kicad-footprint-generator")
    (tags "capacitor handsolder")
    (path /5B8EF9FA)
    (attr smd)
    (fp_text reference C7 (at 3 0 90) (layer F.SilkS)
      (effects (font (size 1 1) (thickness 0.15)))
    )
    (fp_text value 10µF (at 0 1.43 90) (layer F.Fab)
      (effects (font (size 1 1) (thickness 0.15)))
    )
    (fp_line (start -0.8 0.4) (end -0.8 -0.4) (layer F.Fab) (width 0.1))
    (fp_line (start -0.8 -0.4) (end 0.8 -0.4) (layer F.Fab) (width 0.1))
    (fp_line (start 0.8 -0.4) (end 0.8 0.4) (layer F.Fab) (width 0.1))
    (fp_line (start 0.8 0.4) (end -0.8 0.4) (layer F.Fab) (width 0.1))
    (fp_line (start -0.171267 -0.51) (end 0.171267 -0.51) (layer F.SilkS) (width 0.12))
    (fp_line (start -0.171267 0.51) (end 0.171267 0.51) (layer F.SilkS) (width 0.12))
    (fp_line (start -1.65 0.73) (end -1.65 -0.73) (layer F.CrtYd) (width 0.05))
    (fp_line (start -1.65 -0.73) (end 1.65 -0.73) (layer F.CrtYd) (width 0.05))
    (fp_line (start 1.65 -0.73) (end 1.65 0.73) (layer F.CrtYd) (width 0.05))
    (fp_line (start 1.65 0.73) (end -1.65 0.73) (layer F.CrtYd) (width 0.05))
    (fp_text user %R (at 0 0 90) (layer F.Fab)
      (effects (font (size 0.4 0.4) (thickness 0.06)))
    )
    (pad 1 smd roundrect (at -0.875 0 90) (size 1.05 0.95) (layers F.Cu F.Paste F.Mask) (roundrect_rratio 0.25)
      (net 2 /3V3))
    (pad 2 smd roundrect (at 0.875 0 90) (size 1.05 0.95) (layers F.Cu F.Paste F.Mask) (roundrect_rratio 0.25)
      (net 3 GND))
    (model ${KISYS3DMOD}/Capacitor_SMD.3dshapes/C_0603_1608Metric.wrl
      (at (xyz 0 0 0))
      (scale (xyz 1 1 1))
      (rotate (xyz 0 0 0))
    )
  )

  (module "official stable:R_0603_1608Metric_Pad1.05x0.95mm_HandSolder" (layer F.Cu) (tedit 5B301BBD) (tstamp 5B90338E)
    (at 154.6 128.6 180)
    (descr "Resistor SMD 0603 (1608 Metric), square (rectangular) end terminal, IPC_7351 nominal with elongated pad for handsoldering. (Body size source: http://www.tortai-tech.com/upload/download/2011102023233369053.pdf), generated with kicad-footprint-generator")
    (tags "resistor handsolder")
    (path /5B8EF630)
    (attr smd)
    (fp_text reference R1 (at 0 -1.43 180) (layer F.SilkS)
      (effects (font (size 1 1) (thickness 0.15)))
    )
    (fp_text value 10k (at 0 1.43 180) (layer F.Fab)
      (effects (font (size 1 1) (thickness 0.15)))
    )
    (fp_text user %R (at 0 0 180) (layer F.Fab)
      (effects (font (size 0.4 0.4) (thickness 0.06)))
    )
    (fp_line (start 1.65 0.73) (end -1.65 0.73) (layer F.CrtYd) (width 0.05))
    (fp_line (start 1.65 -0.73) (end 1.65 0.73) (layer F.CrtYd) (width 0.05))
    (fp_line (start -1.65 -0.73) (end 1.65 -0.73) (layer F.CrtYd) (width 0.05))
    (fp_line (start -1.65 0.73) (end -1.65 -0.73) (layer F.CrtYd) (width 0.05))
    (fp_line (start -0.171267 0.51) (end 0.171267 0.51) (layer F.SilkS) (width 0.12))
    (fp_line (start -0.171267 -0.51) (end 0.171267 -0.51) (layer F.SilkS) (width 0.12))
    (fp_line (start 0.8 0.4) (end -0.8 0.4) (layer F.Fab) (width 0.1))
    (fp_line (start 0.8 -0.4) (end 0.8 0.4) (layer F.Fab) (width 0.1))
    (fp_line (start -0.8 -0.4) (end 0.8 -0.4) (layer F.Fab) (width 0.1))
    (fp_line (start -0.8 0.4) (end -0.8 -0.4) (layer F.Fab) (width 0.1))
    (pad 2 smd roundrect (at 0.875 0 180) (size 1.05 0.95) (layers F.Cu F.Paste F.Mask) (roundrect_rratio 0.25)
      (net 7 "Net-(R1-Pad2)"))
    (pad 1 smd roundrect (at -0.875 0 180) (size 1.05 0.95) (layers F.Cu F.Paste F.Mask) (roundrect_rratio 0.25)
      (net 3 GND))
    (model ${KISYS3DMOD}/Resistor_SMD.3dshapes/R_0603_1608Metric.wrl
      (at (xyz 0 0 0))
      (scale (xyz 1 1 1))
      (rotate (xyz 0 0 0))
    )
  )

  (module "official stable:R_0603_1608Metric_Pad1.05x0.95mm_HandSolder" (layer F.Cu) (tedit 5B301BBD) (tstamp 5B8EE304)
    (at 141.7 124.1 90)
    (descr "Resistor SMD 0603 (1608 Metric), square (rectangular) end terminal, IPC_7351 nominal with elongated pad for handsoldering. (Body size source: http://www.tortai-tech.com/upload/download/2011102023233369053.pdf), generated with kicad-footprint-generator")
    (tags "resistor handsolder")
    (path /5B8EF78B)
    (attr smd)
    (fp_text reference R2 (at 0 1.7 90) (layer F.SilkS)
      (effects (font (size 1 1) (thickness 0.15)))
    )
    (fp_text value R (at 0 1.43 90) (layer F.Fab)
      (effects (font (size 1 1) (thickness 0.15)))
    )
    (fp_line (start -0.8 0.4) (end -0.8 -0.4) (layer F.Fab) (width 0.1))
    (fp_line (start -0.8 -0.4) (end 0.8 -0.4) (layer F.Fab) (width 0.1))
    (fp_line (start 0.8 -0.4) (end 0.8 0.4) (layer F.Fab) (width 0.1))
    (fp_line (start 0.8 0.4) (end -0.8 0.4) (layer F.Fab) (width 0.1))
    (fp_line (start -0.171267 -0.51) (end 0.171267 -0.51) (layer F.SilkS) (width 0.12))
    (fp_line (start -0.171267 0.51) (end 0.171267 0.51) (layer F.SilkS) (width 0.12))
    (fp_line (start -1.65 0.73) (end -1.65 -0.73) (layer F.CrtYd) (width 0.05))
    (fp_line (start -1.65 -0.73) (end 1.65 -0.73) (layer F.CrtYd) (width 0.05))
    (fp_line (start 1.65 -0.73) (end 1.65 0.73) (layer F.CrtYd) (width 0.05))
    (fp_line (start 1.65 0.73) (end -1.65 0.73) (layer F.CrtYd) (width 0.05))
    (fp_text user %R (at 0 0 90) (layer F.Fab)
      (effects (font (size 0.4 0.4) (thickness 0.06)))
    )
    (pad 1 smd roundrect (at -0.875 0 90) (size 1.05 0.95) (layers F.Cu F.Paste F.Mask) (roundrect_rratio 0.25)
      (net 2 /3V3))
    (pad 2 smd roundrect (at 0.875 0 90) (size 1.05 0.95) (layers F.Cu F.Paste F.Mask) (roundrect_rratio 0.25)
      (net 8 /I2C_SDA))
    (model ${KISYS3DMOD}/Resistor_SMD.3dshapes/R_0603_1608Metric.wrl
      (at (xyz 0 0 0))
      (scale (xyz 1 1 1))
      (rotate (xyz 0 0 0))
    )
  )

  (module "official stable:R_0603_1608Metric_Pad1.05x0.95mm_HandSolder" (layer F.Cu) (tedit 5B301BBD) (tstamp 5B8EE314)
    (at 141.7 113.6 90)
    (descr "Resistor SMD 0603 (1608 Metric), square (rectangular) end terminal, IPC_7351 nominal with elongated pad for handsoldering. (Body size source: http://www.tortai-tech.com/upload/download/2011102023233369053.pdf), generated with kicad-footprint-generator")
    (tags "resistor handsolder")
    (path /5B8EF80D)
    (attr smd)
    (fp_text reference R3 (at 3.1 0 90) (layer F.SilkS)
